13.00 9.00 0.00 0.00 0.00 0.00 0.00 0.00 0.00 0.00 0.00 0.00 0.00 0.00 0.00 0.00 0.00 0.00 0.00 0.00 0.00 0.00 0.00 0.00 0.00 0.00 0.00 0.00 0.00 0.00 0.00 0.00 0.00 0.00 0.00 0.00 0.00 0.00 0.00 0.00 
105.00 33.00 0.00 0.00 0.00 0.00 0.00 0.00 0.00 0.00 0.00 0.00 0.00 0.00 0.00 0.00 0.00 0.00 0.00 0.00 0.00 0.00 0.00 0.00 0.00 0.00 0.00 0.00 0.00 0.00 0.00 0.00 0.00 0.00 0.00 0.00 0.00 0.00 0.00 0.00 
105.00 33.00 0.00 0.00 0.00 0.00 0.00 0.00 0.00 0.00 14.00 58.00 0.00 0.00 0.00 0.00 0.00 0.00 0.00 0.00 0.00 0.00 0.00 0.00 0.00 0.00 0.00 0.00 0.00 0.00 0.00 0.00 0.00 0.00 0.00 0.00 0.00 0.00 0.00 0.00 
105.00 33.00 0.00 0.00 0.00 0.00 0.00 0.00 0.00 0.00 19.00 -26.00 0.00 0.00 23.00 -38.00 34.00 32.00 19.00 -26.00 0.00 0.00 0.00 0.00 0.00 0.00 0.00 0.00 0.00 0.00 0.00 0.00 0.00 0.00 0.00 0.00 0.00 0.00 0.00 0.00 
105.00 33.00 0.00 0.00 0.00 0.00 0.00 0.00 31.00 -61.00 19.00 -26.00 0.00 0.00 23.00 -38.00 34.00 32.00 19.00 -26.00 0.00 0.00 0.00 0.00 0.00 0.00 0.00 0.00 0.00 0.00 0.00 0.00 0.00 0.00 0.00 0.00 0.00 0.00 0.00 0.00 
105.00 33.00 -76.00 -33.00 26.00 -60.00 0.00 0.00 31.00 -61.00 19.00 -26.00 0.00 0.00 23.00 -38.00 34.00 32.00 19.00 -26.00 0.00 0.00 0.00 0.00 0.00 0.00 0.00 0.00 0.00 0.00 0.00 0.00 0.00 0.00 0.00 0.00 0.00 0.00 0.00 0.00 
0.00 -9.00 -76.00 -33.00 26.00 -60.00 0.00 0.00 31.00 -61.00 19.00 -26.00 0.00 0.00 23.00 -38.00 34.00 32.00 19.00 -26.00 0.00 0.00 0.00 0.00 0.00 0.00 0.00 0.00 0.00 0.00 0.00 0.00 0.00 0.00 0.00 0.00 0.00 0.00 0.00 0.00 
13.00 9.00 0.00 0.00 0.00 0.00 0.00 0.00 0.00 0.00 0.00 0.00 0.00 0.00 0.00 0.00 0.00 0.00 0.00 0.00 0.00 0.00 0.00 0.00 0.00 0.00 0.00 0.00 0.00 0.00 0.00 0.00 0.00 0.00 0.00 0.00 0.00 0.00 0.00 0.00 
105.00 33.00 0.00 0.00 0.00 0.00 0.00 0.00 0.00 0.00 0.00 0.00 0.00 0.00 0.00 0.00 0.00 0.00 0.00 0.00 0.00 0.00 0.00 0.00 0.00 0.00 0.00 0.00 0.00 0.00 0.00 0.00 0.00 0.00 0.00 0.00 0.00 0.00 0.00 0.00 
105.00 33.00 0.00 0.00 0.00 0.00 0.00 0.00 0.00 0.00 14.00 58.00 0.00 0.00 0.00 0.00 0.00 0.00 0.00 0.00 0.00 0.00 0.00 0.00 0.00 0.00 0.00 0.00 0.00 0.00 0.00 0.00 0.00 0.00 0.00 0.00 0.00 0.00 0.00 0.00 
105.00 33.00 0.00 0.00 0.00 0.00 0.00 0.00 0.00 0.00 19.00 -26.00 0.00 0.00 23.00 -38.00 34.00 32.00 19.00 -26.00 0.00 0.00 0.00 0.00 0.00 0.00 0.00 0.00 0.00 0.00 0.00 0.00 0.00 0.00 0.00 0.00 0.00 0.00 0.00 0.00 
105.00 33.00 0.00 0.00 0.00 0.00 0.00 0.00 31.00 -61.00 19.00 -26.00 0.00 0.00 23.00 -38.00 34.00 32.00 19.00 -26.00 0.00 0.00 0.00 0.00 0.00 0.00 0.00 0.00 0.00 0.00 0.00 0.00 0.00 0.00 0.00 0.00 0.00 0.00 0.00 0.00 
105.00 33.00 -76.00 -33.00 26.00 -60.00 0.00 0.00 31.00 -61.00 19.00 -26.00 0.00 0.00 23.00 -38.00 34.00 32.00 19.00 -26.00 0.00 0.00 0.00 0.00 0.00 0.00 0.00 0.00 0.00 0.00 0.00 0.00 0.00 0.00 0.00 0.00 0.00 0.00 0.00 0.00 
0.00 -9.00 -76.00 -33.00 26.00 -60.00 0.00 0.00 31.00 -61.00 19.00 -26.00 0.00 0.00 23.00 -38.00 34.00 32.00 19.00 -26.00 0.00 0.00 0.00 0.00 0.00 0.00 0.00 0.00 0.00 0.00 0.00 0.00 0.00 0.00 0.00 0.00 0.00 0.00 0.00 0.00 
13.00 9.00 0.00 0.00 0.00 0.00 0.00 0.00 0.00 0.00 0.00 0.00 0.00 0.00 0.00 0.00 0.00 0.00 0.00 0.00 0.00 0.00 0.00 0.00 0.00 0.00 0.00 0.00 0.00 0.00 0.00 0.00 0.00 0.00 0.00 0.00 0.00 0.00 0.00 0.00 
105.00 33.00 0.00 0.00 0.00 0.00 0.00 0.00 0.00 0.00 0.00 0.00 0.00 0.00 0.00 0.00 0.00 0.00 0.00 0.00 0.00 0.00 0.00 0.00 0.00 0.00 0.00 0.00 0.00 0.00 0.00 0.00 0.00 0.00 0.00 0.00 0.00 0.00 0.00 0.00 
105.00 33.00 0.00 0.00 0.00 0.00 0.00 0.00 0.00 0.00 14.00 58.00 0.00 0.00 0.00 0.00 0.00 0.00 0.00 0.00 0.00 0.00 0.00 0.00 0.00 0.00 0.00 0.00 0.00 0.00 0.00 0.00 0.00 0.00 0.00 0.00 0.00 0.00 0.00 0.00 
105.00 33.00 0.00 0.00 0.00 0.00 0.00 0.00 0.00 0.00 19.00 -26.00 0.00 0.00 23.00 -38.00 34.00 32.00 19.00 -26.00 0.00 0.00 0.00 0.00 0.00 0.00 0.00 0.00 0.00 0.00 0.00 0.00 0.00 0.00 0.00 0.00 0.00 0.00 0.00 0.00 
105.00 33.00 0.00 0.00 0.00 0.00 0.00 0.00 31.00 -61.00 19.00 -26.00 0.00 0.00 23.00 -38.00 34.00 32.00 19.00 -26.00 0.00 0.00 0.00 0.00 0.00 0.00 0.00 0.00 0.00 0.00 0.00 0.00 0.00 0.00 0.00 0.00 0.00 0.00 0.00 0.00 
105.00 33.00 -76.00 -33.00 26.00 -60.00 0.00 0.00 31.00 -61.00 19.00 -26.00 0.00 0.00 23.00 -38.00 34.00 32.00 19.00 -26.00 0.00 0.00 0.00 0.00 0.00 0.00 0.00 0.00 0.00 0.00 0.00 0.00 0.00 0.00 0.00 0.00 0.00 0.00 0.00 0.00 
0.00 -9.00 -76.00 -33.00 26.00 -60.00 0.00 0.00 31.00 -61.00 19.00 -26.00 0.00 0.00 23.00 -38.00 34.00 32.00 19.00 -26.00 0.00 0.00 0.00 0.00 0.00 0.00 0.00 0.00 0.00 0.00 0.00 0.00 0.00 0.00 0.00 0.00 0.00 0.00 0.00 0.00 
13.00 9.00 0.00 0.00 0.00 0.00 0.00 0.00 0.00 0.00 0.00 0.00 0.00 0.00 0.00 0.00 0.00 0.00 0.00 0.00 0.00 0.00 0.00 0.00 0.00 0.00 0.00 0.00 0.00 0.00 0.00 0.00 0.00 0.00 0.00 0.00 0.00 0.00 0.00 0.00 
105.00 33.00 0.00 0.00 0.00 0.00 0.00 0.00 0.00 0.00 0.00 0.00 0.00 0.00 0.00 0.00 0.00 0.00 0.00 0.00 0.00 0.00 0.00 0.00 0.00 0.00 0.00 0.00 0.00 0.00 0.00 0.00 0.00 0.00 0.00 0.00 0.00 0.00 0.00 0.00 
105.00 33.00 0.00 0.00 0.00 0.00 0.00 0.00 0.00 0.00 14.00 58.00 0.00 0.00 0.00 0.00 0.00 0.00 0.00 0.00 0.00 0.00 0.00 0.00 0.00 0.00 0.00 0.00 0.00 0.00 0.00 0.00 0.00 0.00 0.00 0.00 0.00 0.00 0.00 0.00 
105.00 33.00 0.00 0.00 0.00 0.00 0.00 0.00 0.00 0.00 19.00 -26.00 0.00 0.00 23.00 -38.00 34.00 32.00 19.00 -26.00 0.00 0.00 0.00 0.00 0.00 0.00 0.00 0.00 0.00 0.00 0.00 0.00 0.00 0.00 0.00 0.00 0.00 0.00 0.00 0.00 
105.00 33.00 0.00 0.00 0.00 0.00 0.00 0.00 31.00 -61.00 19.00 -26.00 0.00 0.00 23.00 -38.00 34.00 32.00 19.00 -26.00 0.00 0.00 0.00 0.00 0.00 0.00 0.00 0.00 0.00 0.00 0.00 0.00 0.00 0.00 0.00 0.00 0.00 0.00 0.00 0.00 
105.00 33.00 -76.00 -33.00 26.00 -60.00 0.00 0.00 31.00 -61.00 19.00 -26.00 0.00 0.00 23.00 -38.00 34.00 32.00 19.00 -26.00 0.00 0.00 0.00 0.00 0.00 0.00 0.00 0.00 0.00 0.00 0.00 0.00 0.00 0.00 0.00 0.00 0.00 0.00 0.00 0.00 
0.00 -9.00 -76.00 -33.00 26.00 -60.00 0.00 0.00 31.00 -61.00 19.00 -26.00 0.00 0.00 23.00 -38.00 34.00 32.00 19.00 -26.00 0.00 0.00 0.00 0.00 0.00 0.00 0.00 0.00 0.00 0.00 0.00 0.00 0.00 0.00 0.00 0.00 0.00 0.00 0.00 0.00 
