0.360000 0.866667
0.046667 0.906667
-0.426667 0.900000
-0.600000 0.826667
-0.806667 0.513333
-0.953333 0.120000
-0.920000 -0.553333
-0.840000 -0.593333
-0.686667 -0.726667
-0.480000 -0.773333
0.213333 -0.840000
0.280000 -0.826667
0.460000 -0.653333
0.646667 -0.413333
0.740000 -0.126667
0.700000 0.140000
0.600000 0.413333
0.286667 0.586667
-0.140000 0.653333
-0.513333 0.560000
-0.586667 0.280000
-0.526667 -0.080000
-0.380000 -0.273333
-0.166667 -0.320000
0.253333 -0.306667
0.340000 -0.020000
0.346667 0.253333
0.126667 0.380000
-0.133333 0.366667
-0.306667 0.100000
-0.300000 -0.106667
-0.066667 -0.193333
0.126667 -0.173333
0.166667 0.120000
0.106667 0.180000
-0.053333 0.140000
-0.053333 -0.006667
-0.040000 -0.020000
